Green Line
151
0 62 -1 100 0 70 YARD 0 YARD 0 0 0
1 13 0 100 0.5 55 A 0 NULL 0.5 0.5 0
2 1 3 100 1 55 A 0 PIONEER 1 1.5 0
3 2 0 100 1.5 55 A 0 NULL 1.5 3 0
4 3 0 100 2 55 B 0 NULL 2 5 0
5 4 0 100 3 55 B 0 NULL 3 8 0
6 5 0 100 4 55 B 0 NULL 4 12 0
7 6 0 100 5 55 C 0 NULL 5 17 0
8 7 0 100 0 55 C 0 NULL 0 17 0
9 8 3 100 -5 55 C 0 EDGEBROOK -5 12 0
10 9 0 100 -5 55 C 0 NULL -5 7 1
11 10 0 100 -4 55 C 0 NULL -4 3 1
12 11 1 100 -3 55 C 0 NULL -3 0 1
13 12 0 150 0 70 D 0 NULL 0 0 1
13 14 0 150 0 70 D 0 NULL 0 0 1
14 15 0 150 0 70 D 0 NULL 0 0 1
14 13 0 150 0 70 D 0 NULL 0 0 1
15 16 0 150 0 70 D 0 NULL 0 0 1
15 14 0 150 0 70 D 0 NULL 0 0 1
16 17 3 150 0 70 D 0 NO_NAME 0 0 1
16 15 3 150 0 70 D 0 NO_NAME 0 0 1
17 18 0 150 0 60 E 0 NULL 0 0 1
17 16 0 150 0 60 E 0 NULL 0 0 1
18 19 0 150 0 60 E 0 NULL 0 0 1
18 17 0 150 0 60 E 0 NULL 0 0 1
19 20 2 150 0 60 E 0 NULL 0 0 1
19 18 2 150 0 60 E 0 NULL 0 0 1
20 21 0 150 0 60 E 0 NULL 0 0 1
20 19 0 150 0 60 E 0 NULL 0 0 1
21 22 0 300 0 70 F 0 NULL 0 0 1
21 20 0 300 0 70 F 0 NULL 0 0 1
22 23 3 300 0 70 F 0 WHITED 0 0 1
22 21 3 300 0 70 F 0 WHITED 0 0 1
23 24 0 300 0 70 F 0 NULL 0 0 1
23 22 0 300 0 70 F 0 NULL 0 0 1
24 25 0 300 0 70 F 0 NULL 0 0 1
24 23 0 300 0 70 F 0 NULL 0 0 1
25 26 0 200 0 70 F 0 NULL 0 0 1
25 24 0 200 0 70 F 0 NULL 0 0 1
26 27 0 100 0 70 F 0 NULL 0 0 1
26 25 0 100 0 70 F 0 NULL 0 0 1
27 28 0 50 0 70 F 0 NULL 0 0 1
27 26 0 50 0 70 F 0 NULL 0 0 1
28 29 0 50 0 70 F 0 NULL 0 0 1
28 27 0 50 0 70 F 0 NULL 0 0 1
29 30 1 50 0 70 G 0 NULL 0 0 0
30 31 0 50 0 70 G 0 NULL 0 0 0
31 32 3 50 0 70 G 0 SOUTH_BANK 0 0 0
32 33 0 50 0 70 G 0 NULL 0 0 0
33 34 0 50 0 70 H 0 NULL 0 0 0
34 35 0 50 0 70 H 0 NULL 0 0 0
35 36 0 50 0 70 H 0 NULL 0 0 0
36 37 0 50 0 70 I 1 NULL 0 0 0
37 38 0 50 0 70 I 1 NULL 0 0 0
38 39 0 50 0 70 I 1 NULL 0 0 0
39 40 3 50 0 70 I 1 CENTRAL 0 0 0
40 41 0 50 0 70 I 1 NULL 0 0 0
41 42 0 50 0 70 I 1 NULL 0 0 0
42 43 0 50 0 70 I 1 NULL 0 0 0
43 44 0 50 0 70 I 1 NULL 0 0 0
44 45 0 50 0 70 I 1 NULL 0 0 0
45 46 0 50 0 70 I 1 NULL 0 0 0
46 47 0 50 0 70 I 1 NULL 0 0 0
47 48 0 50 0 70 I 1 NULL 0 0 0
48 49 3 50 0 70 I 1 INGLEWOOD 0 0 0
49 50 0 50 0 70 I 1 NULL 0 0 0
50 51 0 50 0 70 I 1 NULL 0 0 0
51 52 0 50 0 70 I 1 NULL 0 0 0
52 53 0 50 0 70 I 1 NULL 0 0 0
53 54 0 50 0 70 I 1 NULL 0 0 0
54 55 0 50 0 70 I 1 NULL 0 0 0
55 56 0 50 0 70 I 1 NULL 0 0 0
56 57 0 50 0 70 I 1 NULL 0 0 0
57 58 3 50 0 70 I 1 OVERBROOK 0 0 0
58 59 1 50 0 60 J 0 NULL 0 0 0
58 0 1 50 0 60 J 0 NULL 0 0 0
59 60 0 50 0 60 J 0 NULL 0 0 0
60 61 0 50 0 60 J 0 NULL 0 0 0
61 62 0 50 0 60 J 0 NULL 0 0 0
62 63 1 50 0 60 J 0 NULL 0 0 0
63 64 0 100 0 70 K 0 NULL 0 0 0
64 65 0 100 0 70 K 0 NULL 0 0 0
65 66 3 200 0 70 K 0 GLENBURY 0 0 0
66 67 0 200 0 70 K 0 NULL 0 0 0
67 68 0 100 0 70 K 0 NULL 0 0 0
68 69 0 100 0 70 K 0 NULL 0 0 0
69 70 0 100 0 60 L 0 NULL 0 0 0
70 71 0 100 0 60 L 0 NULL 0 0 0
71 72 0 100 0 60 L 0 NULL 0 0 0
72 73 0 100 0 60 L 0 NULL 0 0 0
73 74 3 100 0 60 L 0 DORMONT 0 0 0
74 75 0 100 0 60 M 0 NULL 0 0 0
75 76 0 100 0 60 M 0 NULL 0 0 0
76 77 1 100 0 60 M 0 NULL 0 0 0
77 78 3 300 0 70 N 0 MT_LEBANON 0 0 1
77 101 3 300 0 70 N 0 MT_LEBANON 0 0 1
78 79 0 300 0 70 N 0 NULL 0 0 1
78 77 0 300 0 70 N 0 NULL 0 0 1
79 80 0 300 0 70 N 0 NULL 0 0 1
79 78 0 300 0 70 N 0 NULL 0 0 1
80 81 0 300 0 70 N 0 NULL 0 0 1
80 79 0 300 0 70 N 0 NULL 0 0 1
81 82 0 300 0 70 N 0 NULL 0 0 1
81 80 0 300 0 70 N 0 NULL 0 0 1
82 83 0 300 0 70 N 0 NULL 0 0 1
82 81 0 300 0 70 N 0 NULL 0 0 1
83 84 0 300 0 70 N 0 NULL 0 0 1
83 82 0 300 0 70 N 0 NULL 0 0 1
84 85 0 300 0 70 N 0 NULL 0 0 1
84 83 0 300 0 70 N 0 NULL 0 0 1
85 86 0 300 0 70 N 0 NULL 0 0 1
85 84 0 300 0 70 N 0 NULL 0 0 1
86 87 1 100 0 55 O 0 NULL 0 0 1
86 85 1 100 0 55 O 0 NULL 0 0 1
87 88 0 87 0 55 O 0 NULL 0 0 1
87 86 0 87 0 55 O 0 NULL 0 0 1
88 89 3 100 0 55 O 0 POPLAR 0 0 1
88 87 3 100 0 55 O 0 POPLAR 0 0 1
89 90 0 75 -0.5 55 P 0 NULL -0.375 -0.375 0
90 91 0 75 -1 55 P 0 NULL -0.75 -1.125 0
91 92 0 75 -2 55 P 0 NULL -1.5 -2.625 0
92 93 0 75 0 55 P 0 NULL 0 -2.625 0
93 94 0 75 2 55 P 0 NULL 1.5 -1.125 0
94 95 0 75 1 55 P 0 NULL 0.75 -0.375 0
95 96 0 75 0.5 55 P 0 NULL 0.375 0 0
96 97 3 75 0 55 P 0 SHANNON 0 0 0
97 98 0 75 0 55 P 0 NULL 0 0 0
98 99 0 75 0 55 Q 0 NULL 0 0 0
99 100 0 75 0 55 Q 0 NULL 0 0 0
100 85 0 75 0 55 Q 0 NULL 0 0 0
101 102 0 35 0 55 R 0 NULL 0 0 0
102 103 0 100 0 60 S 0 NULL 0 0 0
103 104 0 100 0 60 S 0 NULL 0 0 0
104 105 0 80 0 60 S 0 NULL 0 0 0
105 106 3 100 0 60 T 0 DORMONT 0 0 0
106 107 0 100 0 60 T 0 NULL 0 0 0
107 108 0 90 0 60 T 0 NULL 0 0 0
108 109 0 100 0 60 T 0 NULL 0 0 0
109 110 0 100 0 60 T 0 NULL 0 0 0
110 111 0 100 0 70 U 0 NULL 0 0 0
111 112 0 100 0 70 U 0 NULL 0 0 0
112 113 0 100 0 70 U 0 NULL 0 0 0
113 114 0 100 0 70 U 0 NULL 0 0 0
114 115 3 100 0 70 U 0 GLENBURY 0 0 0
115 116 0 100 0 70 U 0 NULL 0 0 0
116 117 0 100 0 70 U 0 NULL 0 0 0
117 118 0 50 0 60 V 0 NULL 0 0 0
118 119 0 50 0 60 V 0 NULL 0 0 0
119 120 0 40 0 60 V 0 NULL 0 0 0
120 121 0 50 0 60 V 0 NULL 0 0 0
121 122 0 50 0 60 V 0 NULL 0 0 0
122 123 0 50 0 70 W 1 NULL 0 0 0
123 124 3 50 0 70 W 1 OVERBROOK 0 0 0
124 125 0 50 0 70 W 1 NULL 0 0 0
125 126 0 50 0 70 W 1 NULL 0 0 0
126 127 0 50 0 70 W 1 NULL 0 0 0
127 128 0 50 0 70 W 1 NULL 0 0 0
128 129 0 50 0 70 W 1 NULL 0 0 0
129 130 0 50 0 70 W 1 NULL 0 0 0
130 131 0 50 0 70 W 1 NULL 0 0 0
131 132 0 50 0 70 W 1 NULL 0 0 0
132 133 3 50 0 70 W 1 INGLEWOOD 0 0 0
133 134 0 50 0 70 W 1 NULL 0 0 0
134 135 0 50 0 70 W 1 NULL 0 0 0
135 136 0 50 0 70 W 1 NULL 0 0 0
136 137 0 50 0 70 W 1 NULL 0 0 0
137 138 0 50 0 70 W 1 NULL 0 0 0
138 139 0 50 0 70 W 1 NULL 0 0 0
139 140 0 50 0 70 W 1 NULL 0 0 0
140 141 0 50 0 70 W 1 NULL 0 0 0
141 142 3 50 0 70 W 1 CENTRAL 0 0 0
142 143 0 50 0 70 W 1 NULL 0 0 0
143 144 0 50 0 70 W 1 NULL 0 0 0
144 145 0 50 0 70 X 0 NULL 0 0 0
145 146 0 50 0 70 X 0 NULL 0 0 0
146 147 0 50 0 70 X 0 NULL 0 0 0
147 148 0 50 0 70 Y 0 NULL 0 0 0
148 149 0 40 0 70 Y 0 NULL 0 0 0
149 150 0 40 0 70 Y 0 NULL 0 0 0
150 28 0 35 0 70 Z 0 NULL 0 0 0
