RedLine
77
0 9 0 100 0.0 40 YARD 0 YARD 0.0 0.0 0
1 2 0 50 0.5 40 A 0 NULL 0.25 0.25 1
1 15 0 50 0.5 40 A 0 NULL 0.25 0.25 1
2 1 0 50 1 40 A 0 NULL 0.50 0.75 1
2 3 0 50 1 40 A 0 NULL 0.50 0.75 1
3 2 0 50 1.5 40 A 0 NULL 0.75 1.50 1
3 4 0 50 1.5 40 A 0 NULL 0.75 1.50 1
4 5 0 50 2 40 B 0 NULL 1.00 2.50 1
4 3 0 50 2 40 B 0 NULL 1.00 2.50 1
5 6 0 50 1.5 40 B 0 NULL 0.75 3.25 1
5 4 0 50 1.5 40 B 0 NULL 0.75 3.25 1
6 7 0 50 1 40 B 0 NULL 0.50 3.75 1
6 5 0 50 1 40 B 0 NULL 0.50 3.75 1
7 8 3 75 0.5 40 C 0 SHADYSIDE 0.38 4.13 1
7 6 3 75 0.5 40 C 0 SHADYSIDE 0.38 4.13 1
8 9 0 75 0 40 C 0 NULL 0.00 4.13 1
8 7 0 75 0 40 C 0 NULL 0.00 4.13 1
9 0 1 75 0 40 C 0 NULL 0.00 4.13 1
9 8 1 75 0 40 C 0 NULL 0.00 4.13 1
9 10 1 75 0 40 C 0 NULL 0.00 4.13 1
10 9 0 75 0 40 D 0 NULL 0.00 4.13 1
10 11 0 75 0 40 D 0 NULL 0.00 4.13 1
11 10 0 75 -0.5 40 D 0 NULL -0.38 3.75 1
11 12 0 75 -0.5 40 D 0 NULL -0.38 3.75 1
12 11 0 75 -0.5 40 D 0 NULL -0.38 3.38 1
12 13 0 75 -0.5 40 D 0 NULL -0.38 3.38 1
13 12 0 69 -1 40 E 0 NULL -0.69 2.69 1
13 14 0 69 -1 40 E 0 NULL -0.69 2.69 1
14 13 0 60 -1 40 E 0 NULL -0.60 2.09 1
14 15 0 60 -1 40 E 0 NULL -0.60 2.09 1
15 1 1 60 -1 40 E 0 NULL -0.60 2.09 1
15 14 1 60 -1 40 E 0 NULL -0.60 1.49 1
15 16 1 60 -1 40 E 0 NULL -0.60 1.49 1
16 15 3 50 -0.5 40 F 0 HERRON_AVE -0.25 1.24 1
16 17 3 50 -0.5 40 F 0 HERRON_AVE -0.25 1.24 1
17 16 0 200 -0.5 55 F 0 NULL -1.00 0.24 1
17 18 0 200 -0.5 55 F 0 NULL -1.00 0.24 1
18 17 0 400 -0.06025 70 F 0 NULL -0.24 -0.01 1
18 19 0 400 -0.06025 70 F 0 NULL -0.24 -0.01 1
19 18 0 400 0 70 F 0 NULL 0.00 -0.01 1
19 20 0 400 0 70 F 0 NULL 0.00 -0.01 1
20 19 0 200 0 70 F 0 NULL 0.00 -0.01 1
20 21 0 200 0 70 F 0 NULL 0.00 -0.01 1
21 20 3 100 0 55 G 0 SWISSVILLE 0.00 -0.01 1
21 22 3 100 0 55 G 0 SWISSVILLE 0.00 -0.01 1
22 21 0 100 0 55 G 0 NULL 0.00 -0.01 1
22 23 0 100 0 55 G 0 NULL 0.00 -0.01 1
23 22 0 100 0 55 G 0 NULL 0.00 -0.01 1
23 24 0 100 0 55 G 0 NULL 0.00 -0.01 1
24 23 0 50 0 70 H 1 NULL 0.00 -0.01 1
24 25 0 50 0 70 H 1 NULL 0.00 -0.01 1
25 24 3 50 0 70 H 1 PENN_STATION 0.00 -0.01 1
25 26 3 50 0 70 H 1 PENN_STATION 0.00 -0.01 1
26 25 0 50 0 70 H 1 NULL 0.00 -0.01 1
26 27 0 50 0 70 H 1 NULL 0.00 -0.01 1
27 26 1 50 0 70 H 1 NULL 0.00 -0.01 1
27 28 1 50 0 70 H 1 NULL 0.00 -0.01 1
27 76 1 50 0 70 H 1 NULL 0.00 -0.01 1
28 27 0 50 0 70 H 1 NULL 0.00 -0.01 1
28 29 0 50 0 70 H 1 NULL 0.00 -0.01 1
29 28 0 60 0 70 H 1 NULL 0.00 -0.01 1
29 30 0 60 0 70 H 1 NULL 0.00 -0.01 1
30 29 0 60 0 70 H 1 NULL 0.00 -0.01 1
30 31 0 60 0 70 H 1 NULL 0.00 -0.01 1
31 30 0 50 0 70 H 1 NULL 0.00 -0.01 1
31 32 0 50 0 70 H 1 NULL 0.00 -0.01 1
32 31 1 50 0 70 H 1 NULL 0.00 -0.01 1
32 33 1 50 0 70 H 1 NULL 0.00 -0.01 1
32 72 1 50 0 70 H 1 NULL 0.00 -0.01 1
33 32 0 50 0 70 H 1 NULL 0.00 -0.01 1
33 34 0 50 0 70 H 1 NULL 0.00 -0.01 1
34 33 0 50 0 70 H 1 NULL 0.00 -0.01 1
34 35 0 50 0 70 H 1 NULL 0.00 -0.01 1
35 34 3 50 0 70 H 1 STEEL_PLAZA 0.00 -0.01 1
35 36 3 50 0 70 H 1 STEEL_PLAZA 0.00 -0.01 1
36 35 0 50 0 70 H 1 NULL 0.00 -0.01 1
36 37 0 50 0 70 H 1 NULL 0.00 -0.01 1
37 36 0 50 0 70 H 1 NULL 0.00 -0.01 1
37 38 0 50 0 70 H 1 NULL 0.00 -0.01 1
38 37 1 50 0 70 H 1 NULL 0.00 -0.01 1
38 39 1 50 0 70 H 1 NULL 0.00 -0.01 1
38 71 1 50 0 70 H 1 NULL 0.00 -0.01 1
39 38 0 50 0 70 H 1 NULL 0.00 -0.01 1
39 40 0 50 0 70 H 1 NULL 0.00 -0.01 1
40 39 0 60 0 70 H 1 NULL 0.00 -0.01 1
40 41 0 60 0 70 H 1 NULL 0.00 -0.01 1
41 40 0 60 0 70 H 1 NULL 0.00 -0.01 1
41 42 0 60 0 70 H 1 NULL 0.00 -0.01 1
42 41 0 50 0 70 H 1 NULL 0.00 -0.01 1
42 43 0 50 0 70 H 1 NULL 0.00 -0.01 1
43 42 1 50 0 70 H 1 NULL 0.00 -0.01 1
43 44 1 50 0 70 H 1 NULL 0.00 -0.01 1
43 67 1 50 0 70 H 1 NULL 0.00 -0.01 1
44 43 0 50 0 70 H 1 NULL 0.00 -0.01 1
44 45 0 50 0 70 H 1 NULL 0.00 -0.01 1
45 44 3 50 0 70 H 1 FIRST_AVE 0.00 -0.01 1
45 46 3 50 0 70 H 1 FIRST_AVE 0.00 -0.01 1
46 45 0 75 0 70 I 1 NULL 0.00 -0.01 1
46 47 0 75 0 70 I 1 NULL 0.00 -0.01 1
47 46 2 75 0 70 I 0 NULL 0.00 -0.01 1
47 48 2 75 0 70 I 0 NULL 0.00 -0.01 1
48 47 3 75 0 70 I 0 STATION_SQUARE 0.00 -0.01 1
48 49 3 75 0 70 I 0 STATION_SQUARE 0.00 -0.01 1
49 48 0 50 0 60 J 0 NULL 0.00 -0.01 1
49 50 0 50 0 60 J 0 NULL 0.00 -0.01 1
50 49 0 50 0 60 J 0 NULL 0.00 -0.01 1
50 51 0 50 0 60 J 0 NULL 0.00 -0.01 1
51 50 0 50 0 55 J 0 NULL 0.00 -0.01 1
51 52 0 50 0 55 J 0 NULL 0.00 -0.01 1
52 51 1 43 0 55 J 0 NULL 0.00 -0.01 1
52 53 1 43 0 55 J 0 NULL 0.00 -0.01 1
52 66 1 43 0 55 J 0 NULL 0.00 -0.01 1
53 52 0 50 0 55 J 0 NULL 0.00 -0.01 1
53 54 0 50 0 55 J 0 NULL 0.00 -0.01 1
54 53 0 50 0 55 J 0 NULL 0.00 -0.01 1
54 55 0 50 0 55 J 0 NULL 0.00 -0.01 1
55 54 0 75 0.5 55 K 0 NULL 0.38 0.37 1
55 56 0 75 0.5 55 K 0 NULL 0.38 0.37 1
56 55 0 75 0.5 55 K 0 NULL 0.38 0.74 1
56 57 0 75 0.5 55 K 0 NULL 0.38 0.74 1
57 56 0 75 0.5 55 K 0 NULL 0.38 1.12 1
57 58 0 75 0.5 55 K 0 NULL 0.38 1.12 1
58 57 0 75 1 55 L 0 NULL 0.75 1.87 1
58 59 0 75 1 55 L 0 NULL 0.75 1.87 1
59 58 0 75 0.5 55 L 0 NULL 0.38 2.24 1
59 60 0 75 0.5 55 L 0 NULL 0.38 2.24 1
60 59 3 75 0 55 L 0 SOUTH_HILLS_JUNCTION 0.00 2.24 1
60 61 3 75 0 55 L 0 SOUTH_HILLS_JUNCTION 0.00 2.24 1
61 60 0 75 -0.5 55 M 0 NULL -0.38 1.87 1
61 62 0 75 -0.5 55 M 0 NULL -0.38 1.87 1
62 61 0 75 -1 55 M 0 NULL -0.75 1.12 1
62 63 0 75 -1 55 M 0 NULL -0.75 1.12 1
63 62 0 75 -1 55 M 0 NULL -0.75 0.37 1
63 64 0 75 -1 55 M 0 NULL -0.75 0.37 1
64 63 0 75 -0.5 55 N 0 NULL -0.38 -0.01 1
64 65 0 75 -0.5 55 N 0 NULL -0.38 -0.01 1
65 64 0 75 0 55 N 0 NULL 0.00 -0.01 1
65 66 0 75 0 55 N 0 NULL 0.00 -0.01 1
66 52 0 75 0 55 N 0 NULL 0.00 -0.01 1
66 65 0 75 0 55 N 0 NULL 0.00 -0.01 1
67 43 0 50 0 55 O 1 NULL 0.00 -0.01 1
67 68 0 50 0 55 O 1 NULL 0.00 -0.01 1
68 67 0 50 0 55 P 1 NULL 0.00 -0.01 1
68 69 0 50 0 55 P 1 NULL 0.00 -0.01 1
69 68 0 50 0 55 P 1 NULL 0.00 -0.01 1
69 70 0 50 0 55 P 1 NULL 0.00 -0.01 1
70 69 0 50 0 55 P 1 NULL 0.00 -0.01 1
70 71 0 50 0 55 P 1 NULL 0.00 -0.01 1
71 70 0 50 0 55 Q 1 NULL 0.00 -0.01 1
71 38 0 50 0 55 Q 1 NULL 0.00 -0.01 1
72 73 0 50 0 55 R 1 NULL 0.00 -0.01 1
72 32 0 50 0 55 R 1 NULL 0.00 -0.01 1
73 72 0 50 0 55 S 1 NULL 0.00 -0.01 1
73 74 0 50 0 55 S 1 NULL 0.00 -0.01 1
74 73 0 50 0 55 S 1 NULL 0.00 -0.01 1
74 75 0 50 0 55 S 1 NULL 0.00 -0.01 1
75 74 0 50 0 55 S 1 NULL 0.00 -0.01 1
75 76 0 50 0 55 S 1 NULL 0.00 -0.01 1
76 75 0 50 0 55 T 1 NULL 0.00 -0.01 1
76 27 0 50 0 55 T 1 NULL 0.00 -0.01 1